Eigvals	3
94.70327499720193	25.045194127875966	0.0

Proportion explained	3
0.9346328078051511	0.06536719219484885	0.0

Species	361	3
ASV1	0.34041935947139984	0.2096938386736793	0.0
ASV2	-0.3922931558955428	0.2988387903550111	0.0
ASV3	-0.11347597690720732	0.3286847957821344	0.0
ASV4	-0.3581478911977167	0.17309198820326852	0.0
ASV5	0.16536305718439773	0.09604458096731944	0.0
ASV6	-0.15503538205908543	0.11941082139794634	0.0
ASV7	-0.09967841587288322	0.1455428869336558	0.0
ASV8	-0.13777844569380318	0.12556875312332677	0.0
ASV9	0.17017330849586715	-0.03647036464993852	0.0
ASV10	0.1173012255882786	0.08288494122464855	0.0
ASV11	0.018456305898736425	0.10542583834061964	0.0
ASV12	0.1127966403383899	0.089158437230078	0.0
ASV13	0.08360501498791818	0.09880624629736412	0.0
ASV14	0.11892268798011688	-0.002953111293977497	0.0
ASV15	0.018088509594212505	0.11250896487247666	0.0
ASV16	-0.07198988902873102	0.11298405560882069	0.0
ASV17	0.08695065366595618	0.10095139975972309	0.0
ASV18	0.054161473856989766	0.10246396283944642	0.0
ASV19	0.043785844922368325	0.11330100141006709	0.0
ASV20	0.02352086566393169	0.07388563985470932	0.0
ASV21	-0.08219705714726606	0.10329170183572395	0.0
ASV22	0.033429600300160525	0.0730907905641872	0.0
ASV23	0.07541817945408584	0.0810848828315852	0.0
ASV24	0.0013422671014337874	0.07663464130879984	0.0
ASV25	0.0928733277486637	0.0642910576868645	0.0
ASV26	0.060371579813551145	0.035602824113043594	0.0
ASV27	-0.018493765856724482	0.0759590120293138	0.0
ASV28	0.08121505721546063	0.054963036141257984	0.0
ASV29	0.05028769392466664	0.056065994320467195	0.0
ASV30	-0.035239116436359526	0.0806505622412685	0.0
ASV31	-0.033643764058810276	0.0701548330241399	0.0
ASV32	0.033487801787905946	0.04301960064560218	0.0
ASV33	0.02225400074084763	0.11656728894300095	0.0
ASV34	0.059754116298335186	0.0329944273870622	0.0
ASV35	0.021026268870885705	0.05267833583764818	0.0
ASV36	0.08894069813767101	0.07334440379000107	0.0
ASV37	0.013459562153718536	0.06681959802954822	0.0
ASV38	0.059059181155105916	0.07712626437795808	0.0
ASV39	0.11346151415962763	0.01861022266500747	0.0
ASV40	0.028381761361266716	0.03888057236236798	0.0
ASV41	-0.06450095994768609	0.09199947436700957	0.0
ASV42	-0.02255838591789395	0.025997386804970893	0.0
ASV43	-0.07069764156039449	0.09691340181043447	0.0
ASV44	0.04631436670129964	0.008549266450086704	0.0
ASV45	0.06426721150024203	0.07123707345460452	0.0
ASV46	0.06149832899186344	0.06866861737192029	0.0
ASV47	0.030596282283924112	0.01919758371811382	0.0
ASV48	0.05862527500720593	0.06812547393907117	0.0
ASV49	0.05542706097067401	-0.004404802853088399	0.0
ASV50	0.056554685392763974	0.01664876007265954	0.0
ASV51	0.031863465835376616	0.06969798091170833	0.0
ASV52	0.06878356594895114	0.038100824620285974	0.0
ASV53	0.03631715980941723	0.05583454893181482	0.0
ASV54	0.05521311166981788	0.07865798825359044	0.0
ASV55	0.08052918816750552	0.05648352859115166	0.0
ASV56	0.05749709874316362	0.0673393453711366	0.0
ASV57	-0.00526417870828609	0.023403281268910763	0.0
ASV58	0.019537791788553267	0.0447985702283106	0.0
ASV59	-0.0020615057402878193	0.018716058539695143	0.0
ASV60	0.04278227162378953	-0.017292990240954462	0.0
ASV61	0.04770311079786247	0.004294976132340913	0.0
ASV62	0.04726572221770128	0.06807879407350574	0.0
ASV63	0.08752889985227837	-0.047067459623494734	0.0
ASV64	-0.017999120293312913	0.0030026979136817704	0.0
ASV65	0.03618425161920128	0.012097782351090625	0.0
ASV66	0.025368865694489665	-0.016270628084726072	0.0
ASV67	-0.006372326869555062	0.06239772022021083	0.0
ASV68	0.000411559423653547	-0.007702273847770937	0.0
ASV69	0.02435462080337889	-0.006238501236706423	0.0
ASV70	0.02589576307844473	-0.04159086805396846	0.0
ASV71	0.0724961956942381	-0.03478662246785183	0.0
ASV72	0.06373956576408045	-0.014209535201192523	0.0
ASV73	0.04155767887262483	0.03286043706398098	0.0
ASV74	0.007331202223058637	0.028148864258117804	0.0
ASV75	0.07679668990266927	0.08047917795900877	0.0
ASV76	0.06293524874685916	-0.04044422063004797	0.0
ASV77	-0.01638824519144911	0.03590406973153512	0.0
ASV78	0.039106076052195377	0.04947934959803003	0.0
ASV79	0.008629733337604724	-0.02256130778624434	0.0
ASV80	0.03601895976688438	0.014702678943884941	0.0
ASV81	0.02469879031883098	0.018030043858047583	0.0
ASV82	-0.005343616042046923	0.026477030212202175	0.0
ASV83	0.013107336020456363	0.017313250684376457	0.0
ASV84	0.01860625512101981	0.00021339956198431918	0.0
ASV85	0.036667045387715695	0.053299984349163484	0.0
ASV86	-0.011871401292745607	0.008983569797153763	0.0
ASV87	0.038699107562940094	-0.015076533526935944	0.0
ASV88	-0.030565254372281286	-0.03972023793540114	0.0
ASV89	0.04756643718223707	-0.03109123638467186	0.0
ASV90	0.030055204877570102	0.03464936014890538	0.0
ASV91	0.0030334417527129827	0.03166210807458812	0.0
ASV92	-0.006078245206607397	0.003245089989750923	0.0
ASV93	0.020426199054177623	-0.08590752553338653	0.0
ASV94	0.030813896795163054	0.03383776192939715	0.0
ASV95	-0.013604411474844346	-0.02944630390560033	0.0
ASV96	0.02751922356810174	0.03013681585675326	0.0
ASV97	0.05540273304446175	-0.03531921419830643	0.0
ASV98	0.013276316143156174	-0.02123907347322776	0.0
ASV99	0.00540761420856896	-0.005649717916434969	0.0
ASV100	-0.09633009101810854	-0.029747618410481496	0.0
ASV101	0.030040804198608547	0.0330172891076795	0.0
ASV102	0.02748609733949621	0.038487433492487406	0.0
ASV103	0.03412392953024027	0.03680859546682958	0.0
ASV104	0.04164103963494527	0.04340343691326899	0.0
ASV105	-0.024431078960722306	-0.032027422898788155	0.0
ASV106	-0.012226607993810354	-0.007002381744752909	0.0
ASV107	0.005735176634756924	-0.06932927523147477	0.0
ASV108	0.007445969310089644	0.01361495499503821	0.0
ASV109	0.010530510595938767	0.03366936341227884	0.0
ASV110	0.020502578462449527	0.03727471446390245	0.0
ASV111	0.02800801490275784	-0.00877784688665836	0.0
ASV112	0.030756908962731682	0.035667032347097505	0.0
ASV113	-0.003608839417856333	0.027165977804963125	0.0
ASV114	0.024283822283761417	-0.04862419213709	0.0
ASV115	0.027847479623278697	-0.0012323363509376649	0.0
ASV116	-0.00919256166354419	0.028488860985977877	0.0
ASV117	0.004208946693016928	0.00385350407239713	0.0
ASV118	0.017296666578900086	0.03129239131996456	0.0
ASV119	0.031081325339110778	0.05073807113328261	0.0
ASV120	-0.009316666817982067	-0.024545111402733296	0.0
ASV121	0.009794809789715852	0.02293700786916356	0.0
ASV122	0.03981812001207638	0.03963527578062255	0.0
ASV123	0.018139164187744628	0.007194672796363792	0.0
ASV124	0.01624501119364001	-0.018445188425908064	0.0
ASV125	-0.022247378471622	0.027382919300705678	0.0
ASV126	-0.016063360900604503	0.03989718628421482	0.0
ASV127	0.0264569708896243	0.03506596481482771	0.0
ASV129	0.023489095234949565	0.035628758019093994	0.0
ASV130	0.031097161246693622	-0.016178784808750617	0.0
ASV131	0.027056191356428335	-0.03267320106674575	0.0
ASV132	0.010766816301592968	0.014647938422739395	0.0
ASV133	0.01013264647381191	0.014818114866307002	0.0
ASV134	0.0021072531083906865	-0.0012668216188856522	0.0
ASV135	-0.0005744192085271496	-0.054298749751702555	0.0
ASV136	-0.0037505445753509077	0.00554123005579197	0.0
ASV137	0.027657114641819483	-0.03320021063409086	0.0
ASV138	-0.005921906858037971	0.024111879164360844	0.0
ASV139	0.009052554608653991	-0.00838436161596651	0.0
ASV140	0.007321902043821598	0.007640700347102387	0.0
ASV141	-0.004842865070934086	0.012611733862798395	0.0
ASV142	0.010102099333046653	0.01792726996155109	0.0
ASV143	0.022653392427917286	-0.0929103755563692	0.0
ASV144	0.0028990257593836336	0.008351080341920794	0.0
ASV145	-0.04142188197880819	-0.011837936458541774	0.0
ASV146	0.0054141626037145845	-0.06640791835464396	0.0
ASV147	0.022362877290416618	-0.04815932910679956	0.0
ASV149	-0.005672093366888129	-0.000970297946135929	0.0
ASV150	0.017866180832115913	0.025555612105986666	0.0
ASV151	0.016645946552180442	0.017802246259134624	0.0
ASV152	0.014915652279394592	0.033272764197246674	0.0
ASV153	0.027420542817424936	0.044311302841357966	0.0
ASV154	-0.004128010544444444	-0.034259890613847765	0.0
ASV155	0.007021841788248796	0.01867353638448632	0.0
ASV156	-0.02842704051286228	-0.022263456229857596	0.0
ASV157	0.011361180561098217	0.028007781627947356	0.0
ASV158	-0.0077866110487991354	0.02098998106177417	0.0
ASV159	0.014461233016717758	-0.010555925026671466	0.0
ASV160	-0.030479638441877736	-0.005641979168889571	0.0
ASV161	0.02016636402808665	0.02709266167941598	0.0
ASV162	-0.01231586148958807	-0.06838510292926615	0.0
ASV164	0.0031042551793931915	-0.04499581716520305	0.0
ASV165	0.008634406558229652	0.020137436915275853	0.0
ASV166	0.020312929620946746	-0.049173163145573774	0.0
ASV168	0.007533660842024208	0.023117786950947943	0.0
ASV169	-0.04365788291046503	-0.014620456922912601	0.0
ASV170	0.00010731910958455373	-0.010652081034575819	0.0
ASV171	-0.02906602880471808	-0.012345881941076015	0.0
ASV172	0.011797618307802729	-0.03646961091290007	0.0
ASV173	0.0018868630309981352	-0.0555082086647333	0.0
ASV174	-0.025574533392142055	-0.02103137422847849	0.0
ASV175	0.013268511245333894	0.02712003835459113	0.0
ASV176	0.03638915576819249	-0.02699177826680384	0.0
ASV178	0.027094791472144154	-0.020102119172917706	0.0
ASV179	0.01335839246266059	0.025821944226880243	0.0
ASV181	-0.007294638487995832	-0.00948360940437643	0.0
ASV182	0.0051931074526965545	0.015291364867377793	0.0
ASV183	-0.028233643967911923	0.0008320520389110593	0.0
ASV184	0.00818027807139428	0.0050376452462895065	0.0
ASV186	0.005527406977488507	0.008003116618858974	0.0
ASV187	-0.04052670458107255	-0.02959100139715993	0.0
ASV188	-0.004440525616187974	0.001995854287766598	0.0
ASV189	-0.020774487899924157	-0.01909705438326325	0.0
ASV190	0.014620077341988202	-0.11584838630253312	0.0
ASV191	0.0539016687983417	-0.050878133841828946	0.0
ASV192	0.04339952429240665	-0.05067151761284724	0.0
ASV194	-0.018290490159638295	-0.11888699088793224	0.0
ASV195	-8.15220392559406e-05	0.006681502495084162	0.0
ASV196	-0.031786766162274646	-0.0049822392829999085	0.0
ASV197	-0.0010113061276222765	0.0018368797126849382	0.0
ASV198	-0.0015095996454828828	-0.03859224076894737	0.0
ASV199	-0.01695346998695261	-0.10768490001886785	0.0
ASV200	-0.02313272771350196	-0.011143272918469466	0.0
ASV201	-0.0064690198215551	-0.0016998511125816335	0.0
ASV202	0.011849679262112705	0.002127934458610313	0.0
ASV203	-0.00932042853028965	-0.062174315000747396	0.0
ASV204	-0.005247583268700951	0.008853038006692158	0.0
ASV205	-0.002593184386857183	0.018093936919039814	0.0
ASV206	-0.04116911414156185	-0.03771531142751209	0.0
ASV207	0.05224973455666514	-0.07843137741013068	0.0
ASV208	-0.020626614623281102	-0.07748340212529531	0.0
ASV209	-0.06719191782379787	-0.03831966737115576	0.0
ASV210	0.004659333095549143	-0.09598171892852198	0.0
ASV211	-0.021502505124278867	-0.017294577096709254	0.0
ASV212	-0.014925382463847121	-0.0031941628399880626	0.0
ASV213	-0.012978544104021732	-0.016559091718605534	0.0
ASV214	0.04610726929076875	-0.07314476316095872	0.0
ASV216	0.005320559964537658	0.01912922296637162	0.0
ASV217	0.03635358135946666	-0.03462085296006946	0.0
ASV218	0.011441712904464746	0.02361147982387853	0.0
ASV219	-0.009841309277081328	-0.005931930808185566	0.0
ASV220	0.013245488124938806	-0.007517841625939525	0.0
ASV221	-0.012121943358698758	-0.0030120272380256634	0.0
ASV222	-0.03570023400150404	-0.028664119581958816	0.0
ASV223	-0.0733345640117396	-0.024360663978877508	0.0
ASV224	-0.042112689074956404	-0.014355443976043221	0.0
ASV225	0.006721400542794555	-0.03743230440331106	0.0
ASV226	0.025147450150105503	-0.020773611028171858	0.0
ASV227	-0.02533238535740313	-0.020478904800427224	0.0
ASV228	0.008380557648789049	-0.05601637679645031	0.0
ASV229	-0.0019813645452851545	0.010900781128333805	0.0
ASV230	0.008764171382879889	-0.04639298715935047	0.0
ASV231	0.06011629967332862	-0.05522619206256364	0.0
ASV232	-0.0033595833290466035	0.008313464623148057	0.0
ASV233	-0.01459100944561151	-0.044318702241493556	0.0
ASV234	-0.0008575211225063077	0.015217260403316895	0.0
ASV235	0.011424994000196685	0.01910907886648684	0.0
ASV236	-0.023032847937717822	-0.012543648029859342	0.0
ASV237	-0.03056366069804579	-0.011253686729460897	0.0
ASV238	0.015432688523185278	0.02808824936820735	0.0
ASV239	-0.01701453847894319	-0.041772089047639474	0.0
ASV240	0.0073419700158860075	0.0018245141927116678	0.0
ASV242	-0.004055602974834942	-0.030766177662163732	0.0
ASV243	-0.03519220461799005	-0.013254038750125706	0.0
ASV244	-0.042590428043889746	-0.00924897895266871	0.0
ASV245	-0.012529093639578591	-0.00010305799392030696	0.0
ASV248	0.019674160434965636	-0.10852374212720366	0.0
ASV249	-0.023727550343554508	-0.009348737971384325	0.0
ASV250	-0.04278794975258589	-0.03881297356754463	0.0
ASV251	-0.05910282371895217	-0.020791715753029388	0.0
ASV252	0.010537550427516898	-0.08799186310259344	0.0
ASV254	-0.017254276169211734	-0.0002009100201656884	0.0
ASV255	-0.01886734644458329	-0.00013112214293900006	0.0
ASV256	-0.005639223991244033	0.005591214894253154	0.0
ASV258	0.032072774854866655	-0.0772267768601844	0.0
ASV259	-0.025073875296279045	-0.01863577485707646	0.0
ASV260	-0.03477685892840766	-0.07991943851975365	0.0
ASV261	-0.02124367647362539	-0.015740110399374504	0.0
ASV263	-0.04316079754699841	-0.03573264106706193	0.0
ASV265	-0.0009846442145143885	0.010464351182462632	0.0
ASV266	-0.011688990118714849	0.0015896011542153859	0.0
ASV268	-0.03720666925171821	-0.027477241777802138	0.0
ASV269	0.006949641147961405	-0.1064828045244309	0.0
ASV270	-0.05815397507917743	-0.028523667681220565	0.0
ASV271	-0.0018113930980127467	0.011541608653777695	0.0
ASV272	-0.06520896224863836	-0.050458274262576645	0.0
ASV273	0.019308204684110986	-0.00622801044009538	0.0
ASV274	-0.021951507814142287	-0.0072414494162408236	0.0
ASV275	-0.028257116443119006	-0.02303224545763421	0.0
ASV278	-0.04867053861804879	-0.05890945027432575	0.0
ASV279	0.02421311490489296	-0.017067104979184056	0.0
ASV280	0.00358209037995167	-0.02213627231553898	0.0
ASV281	-0.0656937741974687	-0.028615283966401527	0.0
ASV282	-0.00816409402126984	-0.0004542496490316974	0.0
ASV283	-0.0023246214389516283	0.010149107512938934	0.0
ASV284	-0.003075665205167707	-0.027218071696205402	0.0
ASV285	0.01285783545321853	-0.007048668624610701	0.0
ASV286	-0.01689757761643419	-0.0071143995132064985	0.0
ASV287	-0.030033326755936455	-0.013892277151467956	0.0
ASV289	-0.004128289603858208	0.006538744810456439	0.0
ASV290	-0.001827894573464715	0.008973564353527775	0.0
ASV291	0.019861469031524675	-0.02162935040135146	0.0
ASV292	0.02673925774706956	-0.03695221126623176	0.0
ASV293	-0.009310335212030821	0.0019081903776671553	0.0
ASV294	-0.006526875248018087	0.0009202358760298473	0.0
ASV295	0.08057361499319066	-0.06393696097734258	0.0
ASV296	-0.042985516689751126	-0.021487400115538794	0.0
ASV297	-0.03807890493351874	-0.028998496098628628	0.0
ASV298	-0.09319378837764944	-0.04755843394040206	0.0
ASV300	-0.014306832149915558	-0.09321200186447758	0.0
ASV303	-0.030897491418381308	-0.04631542179822006	0.0
ASV304	0.016479939336705343	-0.005367737307229064	0.0
ASV305	-0.05068424781559795	-0.03876490764620003	0.0
ASV307	0.0041273094124429565	-0.009115795702493826	0.0
ASV309	-0.04417566575439999	-0.026552815759863815	0.0
ASV312	-0.05222136247103314	-0.10035877077804452	0.0
ASV314	-0.04749786508861672	-0.042947637412268605	0.0
ASV315	0.018992823980880903	-0.08325794226303333	0.0
ASV316	-0.017491558133934167	-0.00735340170938109	0.0
ASV317	-0.07048015925888788	-0.05308751863648876	0.0
ASV319	-0.01982165128572002	-0.009968566937721057	0.0
ASV321	-0.01319241269309972	-0.059203183839772515	0.0
ASV322	-0.058787206108677145	-0.03509826315559948	0.0
ASV326	-0.04668722996917538	-0.039975469040193785	0.0
ASV327	-0.026345485477231447	-0.019557685907184656	0.0
ASV329	-0.020453806331723702	-0.005841457158147302	0.0
ASV330	-0.009698435352430172	-0.009430492187674484	0.0
ASV331	-0.0022544840123836555	-0.01034190354278008	0.0
ASV332	-0.06134997694106162	-0.032723104759709236	0.0
ASV333	0.05457212533237706	-0.05653786116554075	0.0
ASV334	-0.08210828128085355	-0.05325315375397623	0.0
ASV335	-0.08463335563110125	-0.0545622138615523	0.0
ASV337	0.0014905525208723511	-0.016254710890265957	0.0
ASV339	-0.036561412451639304	-0.019939725351296803	0.0
ASV340	0.015272623492862902	-0.03310663747011071	0.0
ASV342	-0.014168680193559498	-0.005860187483320362	0.0
ASV344	-0.021417392614441134	-0.028315458466901013	0.0
ASV346	-0.030184190551821193	-0.014190949600146798	0.0
ASV349	-0.054497927429515654	-0.04145724645809211	0.0
ASV350	-0.001318319629582918	0.009706454948477095	0.0
ASV351	0.012235533361353128	-0.024563392253408325	0.0
ASV352	0.00841931057608034	0.0016913560899359985	0.0
ASV354	-0.017859072448171705	-0.005455990941946671	0.0
ASV355	0.007894542072725056	-0.05466676595411416	0.0
ASV356	-0.047882936918706764	-0.030142308514527996	0.0
ASV360	-0.0073720791076734085	-0.005652654777232617	0.0
ASV361	-0.0607730492063765	-0.04080056572625448	0.0
ASV365	-0.025489483761637316	-0.01892944406837816	0.0
ASV367	-0.03308368515183523	-0.029993651844867117	0.0
ASV373	-0.0320373838076354	-0.021382482979947517	0.0
ASV376	-0.011331682202198864	-0.021104516857886484	0.0
ASV377	-0.01808793352668325	-0.0055845361650628126	0.0
ASV378	0.02720999105805342	-0.06934722194256154	0.0
ASV379	0.018855516933372944	-0.014047413775471198	0.0
ASV381	0.001821630705950056	-0.04116059462454067	0.0
ASV383	-0.01910904663306438	-0.0028777263546728386	0.0
ASV390	-0.031067156945536332	-0.016071823741900252	0.0
ASV396	0.0012026015953629323	-0.0017239435448363686	0.0
ASV397	-0.05320875954962938	-0.03399724137860699	0.0
ASV400	0.018532313640420354	-0.031058021224572185	0.0
ASV403	-0.018543843941459835	-0.013707462661977993	0.0
ASV406	-0.013747894436174695	-0.0031153338742815266	0.0
ASV409	-0.012728790384368017	-0.00023204524890842418	0.0
ASV410	-0.0038451576945143025	-0.008104373875954259	0.0
ASV411	-0.045330198164051067	-0.026196608618106944	0.0
ASV413	-0.006275532615447217	-0.08191930020842791	0.0
ASV415	-0.012793021964438106	-0.004454126335743388	0.0
ASV419	-0.004057378661330237	-0.0036167768224288233	0.0
ASV420	-0.024644551718912274	-0.00964102797376344	0.0
ASV424	-0.0211408141917865	-0.009247920004721324	0.0
ASV429	-0.1079805545260262	-0.0663577672878349	0.0
ASV434	-0.05655882648397549	-0.033285324362936325	0.0
ASV437	-0.0013405793844782157	-0.01662664647965667	0.0
ASV440	0.013171465393912722	-0.04894699347883777	0.0
ASV441	0.009315219151455176	0.0027440972488515175	0.0
ASV443	-0.009997501439488818	-0.0006341503255312284	0.0
ASV445	-0.026746796540325572	-0.011943815681251564	0.0
ASV451	0.025495840362904823	-0.018032212624994482	0.0
ASV454	-0.029632141818124843	-0.0310197230305708	0.0
ASV459	0.007743382745444136	-0.08723270082952221	0.0
ASV461	-0.02795697341112998	-0.01614355718623821	0.0
ASV465	-0.024884707266508297	-0.015359348119767061	0.0
ASV466	-0.024296502918533133	-0.02296833036876551	0.0
ASV469	-0.039037373465199005	-0.041952884999754365	0.0
ASV478	-0.02504331456633302	-0.015276399171758472	0.0
ASV480	-0.042618063350027	-0.04396064663100049	0.0
ASV492	-0.05217704368708192	-0.03184760620065398	0.0
ASV494	-0.0365942177285568	-0.033177517012838345	0.0
ASV513	-0.030496992246846707	-0.023520906782753957	0.0
ASV526	-0.007132171108372372	-0.027906352671282605	0.0
ASV527	-0.04724971388031577	-0.03991875321442326	0.0
ASV558	-0.03641963128652246	-0.032546256462298695	0.0

Site	142	3
ZAM1_s1_YZA	-0.08486740253386482	0.01707236265098256	0.0
ZAM1_s2_YZA	-0.0743349974161276	-0.07047533586541477	0.0
ZAM1_s3_YZA	-0.07665606783342992	-0.1206407938017092	0.0
ZAM1_s4_YZA	-0.09865203794528585	-0.05971117287653808	0.0
ZAM1_s5_YZA	-0.08281531901886956	0.06671838031660704	0.0
ZAM1_s6_YZA	-0.10108064527348816	-0.031285569376652264	0.0
ZAM1_s7_YZA	-0.08101826129666731	0.04349373834184073	0.0
ZAM1_s8_YZA	-0.07883603291538814	-0.04255361514330439	0.0
ZAM1_s9_YZA	-0.08971436258263518	-0.03197930739534322	0.0
ZAM1_s10_YZA	-0.07163284095888624	0.039729747426361116	0.0
ZAM1_s11_OZA	0.09177504492756156	0.014970929517994376	0.0
ZAM1_s12_OZA	0.10174764905253841	0.07882683362885366	0.0
ZAM1_s13_OZA	0.11191010785014752	-0.006567376333109936	0.0
ZAM1_s14_OZA	0.11954653774476014	-0.21533265898131002	0.0
ZAM1_s15_OZA	0.09752273693689695	0.0849774021878798	0.0
ZAM1_s17_OZA	0.11526195662733714	-0.13120888454863514	0.0
ZAM1_s18_OZA	0.08332532985118651	0.14254819340896338	0.0
ZAM1_s19_OZA	0.0848640468120005	0.009064356014502327	0.0
ZAM1_s20_YZS	-0.07896607057183612	0.0485298964607663	0.0
ZAM1_s21_YZS	-0.07668687576035367	-0.016376971547526094	0.0
ZAM1_s22_YZS	-0.0835074569845676	0.1502691319310994	0.0
ZAM1_s23_YZS	-0.08432657939158163	0.04144878734358716	0.0
ZAM1_s24_YZS	-0.10967588343064005	0.004072601186051281	0.0
ZAM1_s25_YZS	-0.09491760775414844	0.006857587942506491	0.0
ZAM1_s26_YZS	-0.08119205910033128	-0.027480870462415385	0.0
ZAM1_s27_YZS	-0.06785228755476436	0.0587085549831754	0.0
ZAM1_s28_YZS	-0.08566158062967025	0.00014514998717167306	0.0
ZAM1_s29_YZS	-0.08852800677396935	0.043219365673657896	0.0
ZAM1_s30_OZS	0.06517379088135593	0.08367944020475546	0.0
ZAM1_s31_OZS	0.11423462135999515	-0.043563825725202565	0.0
ZAM1_s32_OZS	0.09431547099032207	0.03492140786081293	0.0
ZAM1_s33_OZS	0.06415986056303208	-0.0810699367329529	0.0
ZAM1_s34_OZS	0.0656017882113933	0.05574067977242375	0.0
ZAM1_s36_OZS	0.09480187348039724	-0.0063328170526921815	0.0
ZAM1_s37_OZS	0.11108913210789417	0.023611570468800205	0.0
ZAM1_s38_OZS	0.114760310212392	-0.10262625657315808	0.0
ZAM1_s39_YZA	-0.07613521642931442	0.04605769615425194	0.0
ZAM1_s40_YZA	0.003455540435227888	0.15130247552953582	0.0
ZAM1_s41_YZA	-0.062160937336526806	0.033112739082387356	0.0
ZAM1_s43_YZA	-0.060957450262284135	0.10467107701457984	0.0
ZAM1_s44_YZA	-0.06522544714346871	0.11245592084838389	0.0
ZAM1_s45_YZA	-0.045142500114923295	-0.01757924556487582	0.0
ZAM1_s46_YZA	-0.05002867311816851	0.020275455539465886	0.0
ZAM1_s47_YZA	-0.06007768798783844	0.0038139753076788037	0.0
ZAM1_s48_YZA	-0.005572274421328716	0.22546455192931128	0.0
ZAM1_s49_OZA	0.09467223611654413	0.11265611450224802	0.0
ZAM1_s50_OZA	0.11324940727238832	-0.09618748490148232	0.0
ZAM1_s51_OZA	0.11458351547758443	-0.07043078242882551	0.0
ZAM1_s52_OZA	0.11595938828746914	0.08292404623699155	0.0
ZAM1_s53_OZA	0.10040499199575809	0.06632692407671177	0.0
ZAM1_s54_OZA	0.06916030749913961	-0.22424090274509728	0.0
ZAM1_s55_OZA	0.06326470149466915	0.015264770768775434	0.0
ZAM1_s56_OZA	0.08046304078359581	0.07689308777963004	0.0
ZAM1_s58_YZS	-0.08487647820406397	-0.0703621081532358	0.0
ZAM1_s59_YZS	-0.08080227851536594	-0.08631162797992992	0.0
ZAM1_s60_YZS	-0.07582887812687733	0.17403855803845802	0.0
ZAM1_s61_YZS	-0.08275883125538261	0.08548329072068744	0.0
ZAM1_s62_YZS	-0.05713791631529769	-0.12616033503703905	0.0
ZAM1_s63_YZS	-0.07311199521500504	0.07533601248898572	0.0
ZAM1_s65_YZS	-0.06405050818260652	0.06324788855927685	0.0
ZAM1_s66_YZS	-0.06841783580952568	0.11346749495359706	0.0
ZAM1_s67_OZS	0.05604514828112078	-0.005955984406666275	0.0
ZAM1_s69_OZS	0.10197639479650981	0.11474725956510655	0.0
ZAM1_s70_OZS	0.05557130770973507	0.09212705085013517	0.0
ZAM1_s71_OZS	0.0910876875532737	0.032245142631302064	0.0
ZAM1_s72_OZS	0.08615541869734013	0.03597715513163318	0.0
ZAM1_s73_OZS	0.10156116375301256	-0.052173139590739645	0.0
ZAM1_s74_OZS	0.08411889958743045	0.07235348234069765	0.0
ZAM1_s75_OZS	0.10484915174316617	-0.13804613620246403	0.0
ZAM2_s1_YZD	-0.06941187389922457	0.07423243309425204	0.0
ZAM2_s2_YZD	-0.08098629567152205	0.046852398867760964	0.0
ZAM2_s3_YZD	-0.08731694034243918	0.02891421473463266	0.0
ZAM2_s4_YZD	-0.08409917704091674	-0.02630411741888989	0.0
ZAM2_s5_YZD	-0.08841043819979591	-0.08304619859000796	0.0
ZAM2_s6_YZD	-0.07560669783648334	-0.06298801296964399	0.0
ZAM2_s7_YZD	-0.08802244076914682	0.005132308368850738	0.0
ZAM2_s8_YZD	-0.07885207354115241	-0.006688242284516573	0.0
ZAM2_s9_YZD	-0.08758474998315367	0.04885267469496983	0.0
ZAM2_s10_YZD	-0.0893648225684953	-0.046518907839414904	0.0
ZAM2_s11_OZD	0.09508311157520752	0.06469409087797197	0.0
ZAM2_s12_OZD	0.05893626157873529	-0.014599748265536172	0.0
ZAM2_s14_OZD	0.0754805347856544	0.06272304380918316	0.0
ZAM2_s15_OZD	0.06667700493893944	0.05255014710723283	0.0
ZAM2_s16_OZD	0.10155435404995872	-0.13088161119778655	0.0
ZAM2_s17_OZD	0.10735136140352412	-0.1928327445196747	0.0
ZAM2_s18_OZD	0.08620380318955012	0.06702646020284245	0.0
ZAM2_s19_OZD	0.11446503462877534	0.07546539764345894	0.0
ZAM2_s20_OZD	0.08485410792193797	-0.0008839847080386714	0.0
ZAM2_s21_YZA	-0.08486336935331416	-0.03535424474254497	0.0
ZAM2_s22_YZA	-0.09691441490663769	0.017748520493339595	0.0
ZAM2_s23_YZA	-0.08560910845187232	-0.16701150006629623	0.0
ZAM2_s24_YZA	-0.07775834401993571	-0.04542277447622487	0.0
ZAM2_s25_YZA	-0.08147287165867302	-0.04385071238309011	0.0
ZAM2_s26_YZA	-0.08321496835408136	-0.20561499129516375	0.0
ZAM2_s27_YZA	-0.08081438790617072	0.015506663373266734	0.0
ZAM2_s28_YZA	-0.08992441644329668	-0.023958359124465766	0.0
ZAM2_s29_YZA	-0.07683476165267007	-0.03720623994227075	0.0
ZAM2_s30_YZA	-0.08538026747306904	-0.13734857147273774	0.0
ZAM2_s31_OZA	0.0710295479347623	-0.05860192403463563	0.0
ZAM2_s32_OZA	0.02184749034357137	-0.020919328564738948	0.0
ZAM2_s34_OZA	0.022290073199195543	0.0684054488679921	0.0
ZAM2_s35_OZA	0.08085903837783123	-0.12642275482117954	0.0
ZAM2_s36_OZA	0.08183515738844047	-0.06277830098165706	0.0
ZAM2_s37_OZA	0.08439434804730105	0.12965426376441624	0.0
ZAM2_s38_OZA	0.06249081474544133	0.126139500072386	0.0
ZAM2_s39_OZA	0.11240942305178896	-0.045110786504848746	0.0
ZAM2_s40_YZD	-0.05382387226508265	-0.01711585633578972	0.0
ZAM2_s41_YZD	-0.08384927924124269	-0.06547395743157053	0.0
ZAM2_s42_YZD	-0.06208467468382599	0.09555544682713257	0.0
ZAM2_s43_YZD	-0.05672995759181096	0.04810120754808343	0.0
ZAM2_s44_YZD	-0.05791624299250008	0.08496852863835468	0.0
ZAM2_s45_YZD	-0.09034623748724493	-0.02582465298535387	0.0
ZAM2_s46_YZD	-0.09797655045173496	-0.11609550373142512	0.0
ZAM2_s47_YZD	-0.0828390037970899	-0.009525767211529607	0.0
ZAM2_s48_YZD	-0.0947029538389344	-0.019139357614992438	0.0
ZAM2_s49_YZD	-0.09034356084568539	0.05123837202682383	0.0
ZAM2_s50_OZD	0.0933284446295371	0.053524907803668295	0.0
ZAM2_s51_OZD	0.034940284553333305	0.011013532440493372	0.0
ZAM2_s53_OZD	0.07872525732982594	-0.012418608054733373	0.0
ZAM2_s54_OZD	0.03922543140912607	-0.06823107309923644	0.0
ZAM2_s55_OZD	0.09613083753573914	-0.15190494312673633	0.0
ZAM2_s56_OZD	0.10387983383332162	-0.13564075578695162	0.0
ZAM2_s57_OZD	0.0805909820407879	0.0030868685271969462	0.0
ZAM2_s58_OZD	0.10523309231949171	-0.010454035269344963	0.0
ZAM2_s59_OZD	0.10964320227243633	-0.00645138367265521	0.0
ZAM2_s60_YZA	-0.05826948321247259	0.05024706459983982	0.0
ZAM2_s61_YZA	-0.06832570125771847	0.07784989864001711	0.0
ZAM2_s63_YZA	-0.06609457864348485	-0.012992003150712727	0.0
ZAM2_s64_YZA	-0.0943594172851984	-0.050379098034270646	0.0
ZAM2_s65_YZA	-0.09741872083803953	-0.18055050707674344	0.0
ZAM2_s66_YZA	-0.10009286333039123	-0.08142224705478242	0.0
ZAM2_s67_YZA	-0.025071825234137656	0.10216273207804602	0.0
ZAM2_s69_YZA	-0.0939138502807967	-0.11822043868908483	0.0
ZAM2_s70_OZA	0.04549657477137658	-0.07065591993371885	0.0
ZAM2_s71_OZA	0.05194243382755353	-0.005810964636128924	0.0
ZAM2_s72_OZA	0.06580337438086775	0.09790914730512154	0.0
ZAM2_s73_OZA	0.0590466039858063	0.02296824254868427	0.0
ZAM2_s74_OZA	0.08586795086038856	0.06304688485915043	0.0
ZAM2_s75_OZA	0.10203070551476941	0.01810669171091348	0.0
ZAM2_s76_OZA	0.11246585973066657	-0.07427525706574928	0.0
ZAM2_s77_OZA	0.05866618825952387	0.11883725775391296	0.0
ZAM2_s78_OZA	0.13236139400558256	-0.05978311104742603	0.0

Biplot	0	0

Site constraints	0	0
