Eigvals	3
66.34423643499885	16.610525312203563	0.0

Proportion explained	3
0.941013044912427	0.058986955087573054	0.0

Species	340	3
ASV1	0.3817515027174051	-0.21101251075057423	0.0
ASV2	-0.4239696438819724	-0.3350593752816051	0.0
ASV3	-0.07636811408594643	-0.3827466800230067	0.0
ASV4	-0.36776316975850926	-0.19822531978705224	0.0
ASV5	0.10709116704396832	-0.10488187105859695	0.0
ASV6	-0.09638136216099415	-0.18262531425505954	0.0
ASV7	-0.1301703399161474	-0.12961789641468263	0.0
ASV8	-0.092548533938918	-0.11597713802351903	0.0
ASV9	0.06969457454742002	-0.029259976242254425	0.0
ASV10	0.1188148215593392	-0.08616149337211003	0.0
ASV11	0.021175822000344485	-0.11528086952642858	0.0
ASV12	0.09832469296481941	-0.07033915056602753	0.0
ASV13	0.030368073457742787	-0.04235001015226346	0.0
ASV14	0.10454427992029701	-0.038190227761990214	0.0
ASV15	0.08918912478674647	-0.08502109766788274	0.0
ASV17	0.06899222873041107	-0.10914737695559949	0.0
ASV18	0.04894104220619428	-0.11191829518099815	0.0
ASV19	0.08628898846036412	-0.0788715538571772	0.0
ASV20	0.03882639766568319	-0.07817314305697652	0.0
ASV23	0.10761158479077175	-0.08980025244250185	0.0
ASV24	0.03307170918986612	-0.06897694001865627	0.0
ASV25	0.11072675262311668	-0.05779134123112284	0.0
ASV26	0.007994274956452241	-0.010878578388062058	0.0
ASV27	0.004440269817283643	-0.07019514941689167	0.0
ASV28	0.09630341655455556	-0.056865741860666064	0.0
ASV29	0.08143397022148602	-0.059478583292622504	0.0
ASV30	-0.044883731439196134	-0.07736957374756248	0.0
ASV31	-0.04876694105770331	-0.08039516070073181	0.0
ASV32	0.03503197180033892	-0.02188948747975005	0.0
ASV33	0.03864470955788092	-0.14880283588244272	0.0
ASV34	0.070447330956345	-0.025992601946983163	0.0
ASV35	0.011522892038533525	-0.049615208560621564	0.0
ASV36	0.08992194697293923	-0.0820886603739188	0.0
ASV37	0.001251710164880484	-0.045746205320223235	0.0
ASV38	0.0064229379644027635	-0.013381292963431957	0.0
ASV39	0.10688540108065125	-0.01658198255952628	0.0
ASV40	0.03624539851383243	-0.03892923080510212	0.0
ASV41	-0.07664869757888461	-0.10504339479139813	0.0
ASV42	0.002909155852370559	-0.015850828679253602	0.0
ASV43	-0.09019461673449358	-0.11704387960595665	0.0
ASV44	0.04882848891136933	0.014824509058592172	0.0
ASV45	0.056343396264234416	-0.05683808158635567	0.0
ASV46	0.09009658256465475	-0.07628384222504161	0.0
ASV47	0.0008136985503575431	-0.00768525352538794	0.0
ASV48	0.08662407677315878	-0.0778582931314797	0.0
ASV49	0.03182958623595188	0.012582885824195714	0.0
ASV50	0.06895279574659126	-0.0010709992910643553	0.0
ASV51	0.0388070747585427	-0.06215330960386795	0.0
ASV52	0.043555776910548946	-0.027371680538267957	0.0
ASV53	0.04373198253072798	-0.05429485313579375	0.0
ASV54	0.07034048940244496	-0.07740930557051398	0.0
ASV55	0.08435270657582995	-0.056251858835606114	0.0
ASV56	0.08164294773315545	-0.07173799212752432	0.0
ASV58	0.027029126901963588	-0.04158366282182377	0.0
ASV59	-0.0016379134393851276	-0.02069528501623259	0.0
ASV60	0.02884740117837492	0.02278774676192914	0.0
ASV61	0.046786322291310634	0.00323277919241668	0.0
ASV62	0.05508212295436958	-0.06176819103240971	0.0
ASV63	0.05668755667474106	0.05481897422321884	0.0
ASV64	-0.023389864499102655	4.8977607220473084e-05	0.0
ASV65	0.04614996925321938	-0.01466079732482627	0.0
ASV66	0.0010186044549383368	0.020466252102012954	0.0
ASV68	-0.0022006814313501296	0.01770996942018589	0.0
ASV69	0.04952637367627243	0.01989467968917805	0.0
ASV70	0.017342506415272508	0.0503840300023726	0.0
ASV71	0.054940546348465506	0.042796392004369084	0.0
ASV72	0.036411075402048076	0.011887220999673915	0.0
ASV73	0.05227723158267893	-0.031009517547829386	0.0
ASV74	-0.005431053554345835	-0.0048795111035238375	0.0
ASV75	0.11537799536477564	-0.08681779134628423	0.0
ASV76	0.08386160697158265	0.07116609258754096	0.0
ASV77	-0.01145544613927238	-0.028210112578247754	0.0
ASV78	0.007151584721886711	-0.013851909021472071	0.0
ASV79	-0.0016257889504958905	0.034335653106786275	0.0
ASV80	0.05137320744413223	-0.0052361131201869165	0.0
ASV81	0.005033239919417181	-0.008881092618101025	0.0
ASV82	0.011755791443310822	-0.0002628797980470384	0.0
ASV83	-0.0030567485311030623	-0.005756299518903578	0.0
ASV84	-0.004615620354340423	0.0034258314765174664	0.0
ASV85	0.049102673665056405	-0.055833003135024574	0.0
ASV86	0.005351389571763637	0.003310981250372325	0.0
ASV87	0.032815322627610374	0.02080764868606412	0.0
ASV88	-0.04835807788070858	0.044044704670946185	0.0
ASV89	0.034301898082104224	0.04146502927054369	0.0
ASV90	0.042192005429042195	-0.04140838787308284	0.0
ASV91	0.0031849575717298813	-0.0203188709747867	0.0
ASV92	-0.02425349127328738	0.00521630886540537	0.0
ASV93	0.025074214644704478	0.10825144346332893	0.0
ASV94	0.024121352527331257	-0.024612677579453828	0.0
ASV95	-8.051814320395952e-05	0.042048444396715665	0.0
ASV96	0.022337562445076325	-0.02308153124304954	0.0
ASV97	0.02417047076972133	0.04209792658364997	0.0
ASV98	0.03275865744702299	0.047890059284265325	0.0
ASV99	0.01255337587289559	0.01816413446733173	0.0
ASV100	-0.06023629241386518	0.008726512411215392	0.0
ASV101	0.02310372886321364	-0.023911165386011953	0.0
ASV102	0.04697351644460317	-0.039186628846593255	0.0
ASV103	0.02721486918815606	-0.021256446886566933	0.0
ASV105	-0.025511120083883856	0.03831621901753998	0.0
ASV106	-0.020011219676844782	0.007122395923520899	0.0
ASV107	0.0008117474320646725	0.05598855129389797	0.0
ASV108	0.02264620803629281	0.0015183711435217992	0.0
ASV109	0.013477819463291877	-0.03758250214512139	0.0
ASV110	0.03296408267267929	-0.03837135742281559	0.0
ASV111	0.0337770819360298	0.027248055991392513	0.0
ASV112	0.022153987212577452	-0.023276669434414657	0.0
ASV113	0.0046968315592602165	-0.0129505875953117	0.0
ASV114	-0.00030213825950023676	0.06676187090419207	0.0
ASV115	0.01315776200024218	0.005849000499314451	0.0
ASV116	-0.004688573452419469	-0.02298974675262756	0.0
ASV117	0.002624153675897749	-0.004004372914518595	0.0
ASV118	0.0170092079867604	-0.03162992768333315	0.0
ASV119	0.053219250397517404	-0.06063182241102562	0.0
ASV120	-0.044218165364129626	0.016610129683822857	0.0
ASV121	0.013702846741106497	-0.003279595667044815	0.0
ASV122	0.019299224006925814	-0.02256225176469655	0.0
ASV123	0.004520999315306571	-0.00816534071665807	0.0
ASV124	0.01992567388007011	0.029926721540620396	0.0
ASV125	-0.009346660846685123	-0.005617696371616477	0.0
ASV126	-0.027936489791471713	-0.05480394305666136	0.0
ASV127	0.012619402900314816	-0.0226167886517485	0.0
ASV129	0.0470052707544	-0.04558618859071415	0.0
ASV130	0.0071189586690292815	-0.005241263433723883	0.0
ASV131	0.0248674078921754	0.0360687830681603	0.0
ASV132	-6.703974428186728e-05	-0.007049879267516928	0.0
ASV133	0.005529120128594711	-0.01323953470006214	0.0
ASV134	-0.01237190104888006	0.008780091406271291	0.0
ASV135	-0.023394184063324167	0.002791551184263566	0.0
ASV136	-0.004498058275830624	-0.0033950147807013252	0.0
ASV137	0.039763137917095265	0.02565571928060644	0.0
ASV138	-0.0020584275514141073	-0.020675462134673615	0.0
ASV139	-0.018762111330915158	0.0016177091898637794	0.0
ASV140	0.006928822758526344	-0.0019472838048654603	0.0
ASV141	0.0004115926943735238	-0.012095676362618815	0.0
ASV142	0.0052253133963232785	-0.02558983308246967	0.0
ASV143	0.0329990407909226	0.11614777162464586	0.0
ASV144	-0.017123007442610767	0.00875357835038711	0.0
ASV145	-0.04566598531027531	0.01960314463326951	0.0
ASV146	0.00972046670576728	0.06611368200355515	0.0
ASV147	0.01119064858489074	0.06022511925758061	0.0
ASV149	-0.007484329992986868	0.01550873429652591	0.0
ASV150	0.003978030215920094	-0.012412205371237514	0.0
ASV151	0.0136176639702125	-0.0012074464849706303	0.0
ASV152	0.016895201668318746	-0.026940655012791897	0.0
ASV153	0.03755724334165998	-0.04585349052896208	0.0
ASV154	-0.012009791207898884	0.028630763379836742	0.0
ASV155	-0.00962668366334153	-0.0024382607202790936	0.0
ASV156	-0.009788870073733868	0.003819222990734013	0.0
ASV158	0.002832045732917092	-0.011787787873027887	0.0
ASV160	-0.028992739451282133	0.008436335451014038	0.0
ASV161	0.0064275585858470635	-0.015374055245699826	0.0
ASV162	-0.014638450617534418	0.08208367522849519	0.0
ASV164	-0.011040090596703815	0.04064164831974629	0.0
ASV165	0.011614289143644665	-0.020752325838758592	0.0
ASV166	0.007032453849941819	0.0525554813890525	0.0
ASV168	0.01484624697195882	-0.02454579214467557	0.0
ASV169	-0.05173906792021219	0.023348779322955322	0.0
ASV170	0.017972720911096998	0.007764359622769159	0.0
ASV171	-0.0293491657802239	0.011193385070860715	0.0
ASV172	0.0005803564345798738	0.029045083106560628	0.0
ASV173	-0.003408460689081459	0.05127680646396337	0.0
ASV174	-0.022135724088525925	0.015645843558887606	0.0
ASV175	0.011342085271433112	-0.019700637636623265	0.0
ASV176	0.05036870381489355	0.043673787327501275	0.0
ASV178	0.024779641096629265	0.019577478539821728	0.0
ASV179	0.011186887632725042	-0.02098289884480435	0.0
ASV181	0.004408384163030948	0.006229863571316387	0.0
ASV182	-0.0011105628346877667	-0.006073367213177917	0.0
ASV183	-0.029238545497598925	0.005073455136142007	0.0
ASV184	0.01022599036112995	-0.00013718875136359117	0.0
ASV186	-0.0015003294177208678	-0.02205604766745484	0.0
ASV187	-0.025118007199668745	0.010428280034856907	0.0
ASV188	-0.006837493293183604	0.001477598795244683	0.0
ASV189	-0.031492675131674176	0.02522740407589798	0.0
ASV190	-0.009089776226929731	0.07555946159258946	0.0
ASV191	0.05674789500573885	0.06882069340197053	0.0
ASV192	0.042166906685206916	0.03657258972381297	0.0
ASV194	-0.015547081270665298	0.11657161343860785	0.0
ASV195	0.0021735135770925514	-0.007887730539965361	0.0
ASV196	-0.03934044531252157	0.009187721011001012	0.0
ASV197	-0.0006100289486986613	-0.009469623366746074	0.0
ASV198	-0.01654031767255437	0.01113642948743319	0.0
ASV199	-0.0206745936744894	0.12481287748112509	0.0
ASV200	-0.007108792607965509	-0.0013533508304485148	0.0
ASV201	0.0019896295962240147	-0.010965638205152164	0.0
ASV202	-0.003113838965500206	-0.005966653669388786	0.0
ASV203	-0.03713863737007967	0.02991652487687877	0.0
ASV204	-0.006065751706910409	-0.00922949412659223	0.0
ASV205	0.003406492646936698	-0.00940362574748957	0.0
ASV206	-0.017343790555327962	0.025935042794361013	0.0
ASV207	0.04300286625847106	0.09122155511962128	0.0
ASV208	-0.00823887267298527	0.06521960327766936	0.0
ASV209	-0.059710680804472366	0.028974849793894437	0.0
ASV210	0.003220515406484622	0.10364617563359224	0.0
ASV211	-0.036446796647599936	0.027808355001626896	0.0
ASV212	-0.011936750862839603	0.0025753925005537297	0.0
ASV213	-0.020106000953158145	0.018777337271567985	0.0
ASV214	0.029237142091131093	0.06440892534175988	0.0
ASV216	0.02010211812634539	-0.028730030358151335	0.0
ASV217	0.052048923698251336	0.052716489074253976	0.0
ASV218	0.01929714286296069	-0.026095325649624086	0.0
ASV220	0.008896785654887765	-0.0028285416157624852	0.0
ASV221	-0.0026534597887836286	-0.004738725854584805	0.0
ASV222	-0.024243723427450438	0.02091745304695025	0.0
ASV223	-0.07865694206986737	0.028390744504250262	0.0
ASV224	-0.0376126240734707	0.01484234487716454	0.0
ASV225	0.005199358013245225	-0.005620311056189047	0.0
ASV226	0.027665658762642122	0.028143594227447142	0.0
ASV227	-0.020962131326879473	0.004685731732856014	0.0
ASV228	-0.03687034517292223	0.025986956578672754	0.0
ASV229	-0.002962193590427104	-0.006879644494397221	0.0
ASV230	-0.025780371394391037	0.011728598352217318	0.0
ASV231	0.05936589298002646	0.06329737350931015	0.0
ASV232	0.00659575745748445	-0.011091628632881411	0.0
ASV233	-0.016429130843456968	0.022908901736273444	0.0
ASV234	-0.0007697976605835123	-0.01496544084169442	0.0
ASV235	0.0031258018461642664	-0.012328357465458342	0.0
ASV236	-0.029624840245303683	0.018296914166172653	0.0
ASV237	-0.04102104580131785	0.020036829462943925	0.0
ASV238	0.02599200447234915	-0.03138250915808252	0.0
ASV239	0.013706955315741108	0.03935907677432808	0.0
ASV240	0.004241524000325011	0.012743668565060049	0.0
ASV242	-0.0178668851823099	0.012371552892600102	0.0
ASV243	-0.03979523005230744	0.013857675935242359	0.0
ASV244	-0.050607443071215875	0.018552672390988883	0.0
ASV245	-0.015144841594158027	0.006361463095979436	0.0
ASV248	0.012323936750148652	0.09867459111119792	0.0
ASV249	-0.030596132876273066	0.013920818637356065	0.0
ASV250	-0.010415835491533229	0.0037842026449555607	0.0
ASV251	-0.05653857121090243	0.02328388633434184	0.0
ASV252	0.017606418199235637	0.08865710558903328	0.0
ASV254	-0.012596866977865136	-0.0011421833778323474	0.0
ASV255	-0.005433643118008053	-0.0030693142230851056	0.0
ASV256	-0.004358585783387709	-0.00643479035014673	0.0
ASV258	-0.02011597924935715	0.029254749809678772	0.0
ASV259	-0.017492535786397617	0.004078691958081877	0.0
ASV260	-0.05543527749503564	0.0796890906843587	0.0
ASV261	-0.019952563585404468	0.014921605524851953	0.0
ASV263	-0.04027755369363009	0.029269485513661667	0.0
ASV266	-0.01606392750693192	0.00303600141659678	0.0
ASV268	-0.033483898229640645	0.023552123360710893	0.0
ASV269	-0.005356780047604378	0.11187942460202957	0.0
ASV270	-0.07010494622752121	0.03151844228342599	0.0
ASV272	-0.07396540820837234	0.04395780330921925	0.0
ASV273	0.008114553026389151	-0.0012816701293553324	0.0
ASV274	-0.03240783744170991	0.011724478893273904	0.0
ASV275	-0.026609200152557813	0.02202908947548649	0.0
ASV278	-0.04628272094679276	0.06858361240307968	0.0
ASV279	0.022402190591714076	0.017573565072373506	0.0
ASV281	-0.06029789725912635	0.026870807648604	0.0
ASV282	-0.021757443259170454	0.013883416056558195	0.0
ASV283	-1.3499443802693924e-05	-0.010827131310006715	0.0
ASV284	-0.009829239406395037	0.014604732195260844	0.0
ASV285	0.020610784005308812	0.01850953612957852	0.0
ASV286	-0.014396078248157262	0.007402284543840545	0.0
ASV287	-0.03258784150447068	0.011871350590935697	0.0
ASV289	-0.0030785684149984556	-0.0061767852389032285	0.0
ASV291	0.0161734321719145	0.009963455713192107	0.0
ASV292	0.008193916861900078	0.017274166287044618	0.0
ASV293	-0.00705533989392064	-0.00021433209341524938	0.0
ASV294	0.0024207280944715014	-0.009505195675920052	0.0
ASV295	0.08529275606350292	0.07487853609230921	0.0
ASV296	-0.02370296342056359	0.0117072707115678	0.0
ASV297	-0.01949923206080433	0.011585928697988277	0.0
ASV298	-0.09892610491394967	0.059333864918503156	0.0
ASV300	-0.025829284383915227	0.07865028990099014	0.0
ASV303	-0.02724899456318605	0.019905796739991575	0.0
ASV304	0.025561978090797563	0.01473692570736593	0.0
ASV305	-0.05057596874870276	0.03181958039975772	0.0
ASV309	-0.06029748524077559	0.03071390373158726	0.0
ASV312	-0.03753432013391304	0.09537757599824258	0.0
ASV314	-0.02537651552200094	0.024209233648684204	0.0
ASV315	0.007707291753017106	0.10491568320948444	0.0
ASV316	-0.015238464363984312	0.0051235311924710675	0.0
ASV317	-0.06421979182914252	0.03856666036721721	0.0
ASV319	0.002881587071394065	-0.01223154551284527	0.0
ASV321	-0.00955653067345957	-0.0021936543270920173	0.0
ASV322	-0.03752144675618947	0.02161723827611776	0.0
ASV326	-0.05653917039883595	0.042829587744995956	0.0
ASV327	-0.02777815067632616	0.020901157538768814	0.0
ASV329	-0.02801498982163828	0.008927133366900236	0.0
ASV330	-0.020565840418314333	0.012800646772270519	0.0
ASV331	-0.006533810534861879	-0.002552745206127069	0.0
ASV332	-0.061371308960918046	0.030212551930994997	0.0
ASV333	0.05054223005101776	0.05474168775046434	0.0
ASV334	-0.07907169822429365	0.04796608623941818	0.0
ASV335	-0.06998688648713611	0.04399090032874159	0.0
ASV337	-0.0037172449249927367	0.012738197880119154	0.0
ASV339	-0.027653520373547937	0.011719178280430368	0.0
ASV340	-0.0011529783041440418	-0.0060106725864171595	0.0
ASV342	-0.019060076990905877	0.009999948242511266	0.0
ASV344	-0.028220797999898208	0.020216517098304763	0.0
ASV346	-0.0006643327084439858	-0.008297298958921688	0.0
ASV349	-0.02130781385736989	0.02633729008913607	0.0
ASV350	-0.006294148388442691	-0.0037023220373511834	0.0
ASV351	0.009034370309394342	0.033222066013705795	0.0
ASV352	0.006898497006316179	-0.007561461189778379	0.0
ASV355	0.006292701334282013	0.036793064158100075	0.0
ASV356	-0.0520803506280014	0.02675205623191794	0.0
ASV360	-0.017947431079890698	0.004438489114814462	0.0
ASV361	-0.06656600555931273	0.03558829712057256	0.0
ASV365	-0.023247349694490153	0.015731684080508533	0.0
ASV367	-0.03938644571915937	0.029191997829766243	0.0
ASV373	-0.037246817843011974	0.02542558946764513	0.0
ASV376	-0.02585090239900774	0.009697998773952728	0.0
ASV377	-0.008291199228827916	-0.0009789073133968553	0.0
ASV378	0.031816882651425404	0.07235445039300184	0.0
ASV379	0.027055356932423103	0.025471775711842264	0.0
ASV381	0.018011352806125702	0.013293330198474422	0.0
ASV383	-0.00041002185764876076	-0.009147103427816682	0.0
ASV390	-0.04509695700974106	0.016097823145164065	0.0
ASV396	0.00013348636627764313	0.00923404706506737	0.0
ASV397	-0.0469411525495388	0.023250097688701378	0.0
ASV400	0.019027772343342624	0.01011085973251875	0.0
ASV403	-0.006699436963926519	-0.0025976772747865803	0.0
ASV406	-0.014025604619600451	0.005439365127902026	0.0
ASV409	-0.00264707245971262	-0.004671154496392218	0.0
ASV411	-0.023722235093124273	0.007997962149040562	0.0
ASV413	-0.05115789995847708	0.060521974006785405	0.0
ASV415	-0.021804996773738167	0.012586676852999714	0.0
ASV419	-0.007849896776891643	0.012758260326447661	0.0
ASV420	-0.011572336970515962	0.0012559138049829705	0.0
ASV424	-0.022302846493674283	0.012983114523436212	0.0
ASV429	-0.06645304793733396	0.045430186462032396	0.0
ASV434	-0.03848216351742058	0.020675117184806004	0.0
ASV437	0.02088556448280645	0.015002797672767191	0.0
ASV440	0.02420709513596216	0.03555286111173816	0.0
ASV441	0.014929709961610266	0.004150238570120805	0.0
ASV443	-0.017151999599277316	0.007394280283937998	0.0
ASV454	-0.03760680053349818	0.01486883657402019	0.0
ASV459	-0.01840899450968881	0.0850891730563659	0.0
ASV461	-0.024142522380129927	0.013968350397304168	0.0
ASV466	-0.009968357230238844	0.007330115033188032	0.0
ASV469	-0.033887794882545244	0.0421816075222626	0.0
ASV478	-0.01601216274012202	0.007552608536015936	0.0
ASV480	-0.03769842744359733	0.03435091219838112	0.0
ASV492	-0.06071098909978937	0.03398246845923685	0.0
ASV513	-0.023807969839736955	0.009810741562041541	0.0
ASV527	-0.06167441382790534	0.05284532427810318	0.0
ASV558	-0.025702524647169697	0.018712287946387567	0.0

Site	73	3
ZAM2_s1_YZD	-0.08623086932606217	-0.15363429613331026	0.0
ZAM2_s2_YZD	-0.1048278075750143	-0.10553947491532345	0.0
ZAM2_s3_YZD	-0.11734927962864361	-0.09338550307654568	0.0
ZAM2_s4_YZD	-0.10641714727451822	-0.006784874152019251	0.0
ZAM2_s5_YZD	-0.12332426947426108	0.09019325927261877	0.0
ZAM2_s6_YZD	-0.10444243672186966	0.029767326667010582	0.0
ZAM2_s7_YZD	-0.12007746877184118	-0.06844703032923888	0.0
ZAM2_s8_YZD	-0.10775608121766028	-0.0037313856666922863	0.0
ZAM2_s9_YZD	-0.1214729007246642	-0.12327306369810385	0.0
ZAM2_s10_YZD	-0.11952479528690235	-0.03376812641194947	0.0
ZAM2_s11_OZD	0.15395656988431167	-0.11739895876883452	0.0
ZAM2_s12_OZD	0.0897330475532934	0.03573730660340844	0.0
ZAM2_s14_OZD	0.13651298895056435	-0.14747351893280566	0.0
ZAM2_s15_OZD	0.1129749650331226	-0.07258404613258021	0.0
ZAM2_s16_OZD	0.12526004908621505	0.2452898437846869	0.0
ZAM2_s17_OZD	0.13737711378320372	0.34963548830671065	0.0
ZAM2_s18_OZD	0.12749683507764545	-0.07879641323858971	0.0
ZAM2_s19_OZD	0.1674536828425542	-0.1060393686710994	0.0
ZAM2_s20_OZD	0.13554678822925786	-0.04664300712868194	0.0
ZAM2_s21_YZA	-0.11270554294533643	0.026937315751759252	0.0
ZAM2_s22_YZA	-0.13145769669706792	-0.07333748661062033	0.0
ZAM2_s23_YZA	-0.11915220384808585	0.20020649436666077	0.0
ZAM2_s24_YZA	-0.10945627299291119	0.05668108990414801	0.0
ZAM2_s25_YZA	-0.11030166612569345	0.05154478151830966	0.0
ZAM2_s26_YZA	-0.11639432703644845	0.2506062803964357	0.0
ZAM2_s27_YZA	-0.113565198993825	-0.060884620338615275	0.0
ZAM2_s28_YZA	-0.12233733385931674	-0.006395905682491508	0.0
ZAM2_s29_YZA	-0.1054385239450302	0.02821744358737602	0.0
ZAM2_s30_YZA	-0.1138548326286279	0.13261477753906706	0.0
ZAM2_s31_OZA	0.1098595034409471	0.054429691407821564	0.0
ZAM2_s32_OZA	0.04083216835903238	0.06847059789114353	0.0
ZAM2_s34_OZA	0.06303018665168457	-0.07774706200773893	0.0
ZAM2_s35_OZA	0.132718086556063	0.22261405245235147	0.0
ZAM2_s36_OZA	0.10220578211997218	-0.020403535919503342	0.0
ZAM2_s37_OZA	0.12445374254422115	-0.11057895720719013	0.0
ZAM2_s38_OZA	0.10282216314369634	-0.14040971719393247	0.0
ZAM2_s39_OZA	0.16307403418381267	0.05273695423216485	0.0
ZAM2_s40_YZD	-0.0790272655974115	0.009807346774072323	0.0
ZAM2_s41_YZD	-0.11864765132516467	0.08687402012286408	0.0
ZAM2_s42_YZD	-0.08185938689928188	-0.19374882594386936	0.0
ZAM2_s43_YZD	-0.0811443228388181	-0.056878054699840745	0.0
ZAM2_s44_YZD	-0.07277058093532948	-0.2110416568886124	0.0
ZAM2_s45_YZD	-0.12113045893791621	0.018354219049741497	0.0
ZAM2_s46_YZD	-0.13313838759135435	0.09834164974643803	0.0
ZAM2_s47_YZD	-0.1098553270268295	-0.027270110377279805	0.0
ZAM2_s48_YZD	-0.13058987299338687	-0.03694378178651182	0.0
ZAM2_s49_YZD	-0.12357211202269815	-0.13984773441287124	0.0
ZAM2_s50_OZD	0.14384571619600114	-0.1293499688491107	0.0
ZAM2_s51_OZD	0.048230360139167615	0.011035160481333165	0.0
ZAM2_s53_OZD	0.12358696075553693	-0.02566224085456472	0.0
ZAM2_s54_OZD	0.04107338919633507	0.08820348686193775	0.0
ZAM2_s55_OZD	0.123004623665241	0.25639294616131736	0.0
ZAM2_s56_OZD	0.130318809265889	0.19613180111379133	0.0
ZAM2_s57_OZD	0.11272735967647757	-0.009057873764161012	0.0
ZAM2_s58_OZD	0.15447523128250593	-0.01744826854093217	0.0
ZAM2_s59_OZD	0.160557151206972	-0.050702817610214224	0.0
ZAM2_s60_YZA	-0.07016011546980584	-0.10674180421323314	0.0
ZAM2_s61_YZA	-0.09279918066062559	-0.13143447632383934	0.0
ZAM2_s63_YZA	-0.08916064475055886	-0.015360858184671889	0.0
ZAM2_s64_YZA	-0.13172167369299928	0.04726656658699016	0.0
ZAM2_s65_YZA	-0.13350748137275148	0.2017364699500502	0.0
ZAM2_s66_YZA	-0.140386139565373	0.08323388064669468	0.0
ZAM2_s67_YZA	-0.028584560191182867	-0.11913073560509974	0.0
ZAM2_s69_YZA	-0.12891133880311165	0.1088656019603054	0.0
ZAM2_s70_OZA	0.0695516358160042	0.14938558086065154	0.0
ZAM2_s71_OZA	0.08510436358795995	0.012760837541638793	0.0
ZAM2_s72_OZA	0.0927193321303956	-0.12980095680145734	0.0
ZAM2_s73_OZA	0.10304745793815283	-0.05487335459946707	0.0
ZAM2_s74_OZA	0.14818294734207763	-0.14444910941861536	0.0
ZAM2_s75_OZA	0.13398844271866012	-0.06856611265916271	0.0
ZAM2_s76_OZA	0.16260970114896556	0.06958195480492003	0.0
ZAM2_s77_OZA	0.09648658169149991	-0.08692992772510687	0.0
ZAM2_s78_OZA	0.17823538455094215	0.0688407951300682	0.0

Biplot	0	0

Site constraints	0	0
