Eigvals	3
73.4179414262228	19.35127426299539	0.0

Proportion explained	3
0.9350401533110632	0.06495984668893676	0.0

Species	343	3
ASV1	0.3116196749159139	0.27001165993305976	0.0
ASV2	-0.35415142664708205	0.3200264914000502	0.0
ASV3	-0.13246991146287235	0.35375619623909604	0.0
ASV4	-0.3361764036652599	0.16561347077826813	0.0
ASV5	0.2518369100634706	0.08678450624464341	0.0
ASV6	-0.20626721895149572	0.05816256056420479	0.0
ASV7	-0.07258161783932326	0.15136557343244503	0.0
ASV8	-0.16004409969521352	0.12195063754865114	0.0
ASV9	0.19427610618948468	-0.04715560776552708	0.0
ASV10	0.1289486867690722	0.08583751205671097	0.0
ASV11	0.021462506172972635	0.11888330489745891	0.0
ASV12	0.12316995352364758	0.10196822025423202	0.0
ASV13	0.10559863626842182	0.12529996943705662	0.0
ASV14	0.1059098175407341	-0.01851811420708284	0.0
ASV15	-0.03275290491400309	0.1075612170705932	0.0
ASV16	-0.10634161247199288	0.12455684669419138	0.0
ASV17	0.08524316472505514	0.11991008463737965	0.0
ASV18	0.0601836236586226	0.11078363728378628	0.0
ASV19	0.007905658943995508	0.11724029395566098	0.0
ASV20	0.011368596050545696	0.08399667407427916	0.0
ASV21	-0.12244528524723435	0.10219150793858048	0.0
ASV22	0.04375936917786323	0.08739370810751379	0.0
ASV23	0.03700316321596678	0.05082186040974367	0.0
ASV24	-0.019676016902466058	0.09165964972636605	0.0
ASV25	0.06628591428460166	0.08193313784632994	0.0
ASV26	0.10547019474842614	0.056684433109948175	0.0
ASV27	-0.03080859706896883	0.08690918462099002	0.0
ASV28	0.08176381494840773	0.05404234059713655	0.0
ASV29	0.02308271176948823	0.04142474458116489	0.0
ASV30	-0.002166370814200774	0.08066718748127824	0.0
ASV31	-0.008387615886965981	0.06443126399775942	0.0
ASV32	0.039154244743138306	0.06307632045115691	0.0
ASV34	0.047608647887396875	0.0431071702289347	0.0
ASV35	0.03754835542699115	0.06004954393842124	0.0
ASV36	0.08048087439504022	0.06160576967655398	0.0
ASV37	0.02078023152763961	0.07782956530431323	0.0
ASV38	0.07380251066308856	0.10099440368594981	0.0
ASV39	0.10009550693924743	0.02445624531821265	0.0
ASV40	0.027971371432823133	0.04023038120824341	0.0
ASV41	-0.029868207546289625	0.046648397178729796	0.0
ASV42	-0.04104469028433603	0.03057292139987679	0.0
ASV43	-0.02478821652293812	0.0390710603836243	0.0
ASV44	0.045523161935340166	0.02292632620903289	0.0
ASV45	0.06076327065154982	0.07372746892738441	0.0
ASV46	0.010928822593691075	0.020546414017981265	0.0
ASV47	0.054639843580240925	0.03243870185633705	0.0
ASV48	0.010295149686454305	0.019898365399477903	0.0
ASV49	0.0699924410835789	0.0006000091812779515	0.0
ASV50	0.04281317852643754	0.02936740368129727	0.0
ASV51	0.03283561860725145	0.06912566763665617	0.0
ASV52	0.08495076781667486	0.04922895278328536	0.0
ASV53	0.02281867560231823	0.03897581940314964	0.0
ASV54	0.02642266853527476	0.045819188018488666	0.0
ASV55	0.07663421257910576	0.05212748955994044	0.0
ASV56	0.009459321811999117	0.020486046160129584	0.0
ASV57	-0.00981050602175113	0.02073476489256266	0.0
ASV58	-0.0001560524824004595	0.04688412991922325	0.0
ASV60	0.05380177068816114	-0.020898525891689602	0.0
ASV61	0.03950379059569271	0.015055770879822104	0.0
ASV62	0.02651375177819702	0.04586780143851627	0.0
ASV63	0.10192985869428087	-0.05005250421578602	0.0
ASV64	-0.00895415525877644	0.0004289774887773142	0.0
ASV65	0.02585578457903316	0.008546916505284967	0.0
ASV66	0.03576938934148073	-0.018143719889824023	0.0
ASV67	-0.009899379681279494	0.06849545333240878	0.0
ASV68	0.005445942662990793	-0.008823348677972723	0.0
ASV69	-0.005417056921638062	0.0014423128609189224	0.0
ASV70	0.022236470023353664	-0.04809301469604985	0.0
ASV71	0.0733750383447951	-0.03582347271741144	0.0
ASV72	0.0744089715852022	-0.01615325692648083	0.0
ASV73	0.03358148635993083	0.03495315154264732	0.0
ASV74	0.014778284098108253	0.036728028137661274	0.0
ASV75	0.011168974918562906	0.02358895007690394	0.0
ASV76	0.03612770002215398	-0.029518319169900078	0.0
ASV77	-0.016924585314235307	0.032844733305717036	0.0
ASV78	0.05436084210840819	0.06295048362648686	0.0
ASV79	0.008962967627510613	-0.023249546418506392	0.0
ASV80	0.01789004520876631	0.024091716091335924	0.0
ASV81	0.04194609777543182	0.022615904201717288	0.0
ASV82	-0.019279903030455087	0.03596171728638466	0.0
ASV83	0.0219965311489526	0.022482493496260057	0.0
ASV84	0.03158417272510728	0.002659929686091928	0.0
ASV85	0.020754334969685092	0.0372543044615651	0.0
ASV86	-0.024959749239134594	0.010185283397469746	0.0
ASV87	0.02917603806964118	-0.010565549461910873	0.0
ASV88	-0.017551521418844033	-0.055436123811615785	0.0
ASV89	0.04507040718719323	-0.02500541498998021	0.0
ASV90	0.02299830804197543	0.025365354792544665	0.0
ASV91	0.0041521928246468455	0.03534853020929534	0.0
ASV92	0.009287553093115474	0.009557694246183178	0.0
ASV93	0.0047270804131461066	-0.07034382089096056	0.0
ASV94	0.030435636151783935	0.03073924633694618	0.0
ASV95	-0.026952153323191008	-0.02673189667985955	0.0
ASV96	0.026603740903614424	0.02627007692176793	0.0
ASV97	0.06891210978735383	-0.03825502325032169	0.0
ASV98	-0.0031755050297639985	-0.013438066071041683	0.0
ASV99	0.0012054243321147774	-8.062390414221859e-05	0.0
ASV100	-0.09715981369173798	-0.05559124961887455	0.0
ASV101	0.028507243494595633	0.029122275107734266	0.0
ASV102	0.009419802367981175	0.027535638092808182	0.0
ASV103	0.03170579009405721	0.04432912452916552	0.0
ASV104	0.0575818530832495	0.04880704463186239	0.0
ASV105	-0.010091729860560738	-0.03686215562794047	0.0
ASV106	-0.015189422316203868	-0.01085023873870122	0.0
ASV107	0.010739107711772217	-0.06280501181832868	0.0
ASV108	-0.011264729813318265	0.021910443229365365	0.0
ASV109	0.016288752369045426	0.02176653964520797	0.0
ASV110	0.0075750644879048375	0.024630405179773777	0.0
ASV111	0.008735597071011332	0.016340462597128482	0.0
ASV112	0.029154763321246814	0.03218998051463714	0.0
ASV113	-0.010171341843835313	0.02748996865462782	0.0
ASV114	0.029050689955960825	-0.031052033640460313	0.0
ASV115	0.033082563046472085	0.008294177965004706	0.0
ASV116	-0.010610121088963986	0.02452370308988698	0.0
ASV117	0.0015428939865799187	0.0010320436955322235	0.0
ASV118	0.014630267507222534	0.019818601056295213	0.0
ASV120	0.009913482048079028	-0.027872214571349307	0.0
ASV121	0.0024787937027572907	0.028746786290732396	0.0
ASV122	0.04765208976828121	0.03806789756133808	0.0
ASV123	0.024677100632591382	0.005912985895974262	0.0
ASV124	0.00843655191490003	0.00029449994162659	0.0
ASV125	-0.020768418335593435	0.03142427096228332	0.0
ASV126	0.002956062637622616	0.008460002087321266	0.0
ASV127	0.0307516794580901	0.0353287800281114	0.0
ASV129	0.00011421792938569725	0.010934860823637926	0.0
ASV130	0.041455301686366484	-0.021456020593240397	0.0
ASV131	0.025318208767678395	-0.03230059088088931	0.0
ASV132	0.01879007777641953	0.017302098919333854	0.0
ASV133	0.014332194114671636	0.012713601889795895	0.0
ASV134	0.009916437783446544	0.0008229211385230846	0.0
ASV135	0.014161220692569466	-0.0629795784528872	0.0
ASV136	-0.0029571277872941963	0.004358760618244142	0.0
ASV137	0.019284954734929995	-0.03573859786735316	0.0
ASV138	-0.006783408610627746	0.01866820721056772	0.0
ASV139	0.025940040772200478	-0.01061061825969939	0.0
ASV140	0.005673144962116103	0.00965926088716894	0.0
ASV141	-0.006890263449264152	0.006974234978489441	0.0
ASV142	0.012213787861199995	0.009369563569580651	0.0
ASV143	0.01934724445349109	-0.0976743331625657	0.0
ASV144	0.01267233278004477	0.01613537341906747	0.0
ASV145	-0.04370479401833709	-0.014729555951292213	0.0
ASV146	0.0002464672008507809	-0.06415269935726733	0.0
ASV147	0.04166944752095526	-0.04453879522665319	0.0
ASV149	-0.00354225793046535	0.014165100614220738	0.0
ASV150	0.02419994798036034	0.025340298331275855	0.0
ASV151	0.01170589507955964	0.02501064617003562	0.0
ASV152	0.0093305418703038	0.027850223406948562	0.0
ASV153	0.012636292692843115	0.025148507552309397	0.0
ASV154	-0.0033495632341449945	-0.03388816730995708	0.0
ASV155	0.01621949943749519	0.021017354507121205	0.0
ASV156	-0.04354669792648587	-0.04084049894592086	0.0
ASV157	0.013316237902553037	0.029327528930968558	0.0
ASV158	-0.012596020429766364	0.019533868902972214	0.0
ASV159	0.020698080598547837	-0.01855605083351446	0.0
ASV160	-0.03219247175113951	-0.008769278367113524	0.0
ASV161	0.027251774473013277	0.02677467462510081	0.0
ASV162	-0.021215223152042852	-0.06879542728141062	0.0
ASV164	0.017372123856612014	-0.038956801586446904	0.0
ASV166	0.019613451113161106	-0.04443928550262358	0.0
ASV168	-0.0006785455011506328	0.01207093951115209	0.0
ASV169	-0.03924621052843698	-0.016958563547053135	0.0
ASV170	-0.012392046145559204	-0.00974944476046833	0.0
ASV171	-0.025424107727422506	-0.010559706845088505	0.0
ASV172	0.014128382559890285	-0.03789543727473223	0.0
ASV173	0.004040836842657201	-0.048605843345371456	0.0
ASV174	-0.03030645239767909	-0.027413002447803262	0.0
ASV175	0.011455499518360848	0.02371448406466463	0.0
ASV176	0.013616193219555612	-0.00839185019374956	0.0
ASV178	0.023660290542754873	-0.01519057678701797	0.0
ASV179	0.011807533605407339	0.021442148986940947	0.0
ASV181	-0.016600176583654876	-0.011431146707559278	0.0
ASV182	0.007510605550794454	0.018564485511755054	0.0
ASV183	-0.026167703019985455	0.001305095763179351	0.0
ASV184	0.003358859832482657	0.008408976954424049	0.0
ASV186	0.01209249162690601	-0.0064563570999264484	0.0
ASV187	-0.041419534570139346	-0.037699486682928406	0.0
ASV188	-0.0009961008254817229	0.005648168262163571	0.0
ASV189	-0.006439819908807007	-0.0018280791242998684	0.0
ASV190	0.023601508970992495	-0.12386418228360747	0.0
ASV191	0.04034183489656245	-0.027830234872460342	0.0
ASV192	0.03560898447902682	-0.05000987942750365	0.0
ASV194	-0.030581417312788888	-0.1320824399374594	0.0
ASV195	-0.0017091517939923744	0.0033017185189578675	0.0
ASV196	-0.02582315725362152	-0.005480429256875249	0.0
ASV197	-0.00094494919545978	-0.0052061573040536905	0.0
ASV198	0.013082715147458335	-0.04077096377799648	0.0
ASV199	-0.028890248983434872	-0.11025879652490907	0.0
ASV200	-0.030429844921256673	-0.02187219321759628	0.0
ASV201	-0.009327917669982725	-0.009630890782384527	0.0
ASV202	0.020820248652642714	0.0017235317999343162	0.0
ASV203	0.0072873175050696066	-0.07393561725936762	0.0
ASV204	-0.0023935837196770145	0.0055613047842869995	0.0
ASV205	-0.0062510615426264226	0.0176643239164031	0.0
ASV206	-0.04940765853695173	-0.03451613955300039	0.0
ASV207	0.061430711805480716	-0.08661170303044403	0.0
ASV208	-0.03165049385184975	-0.07065223236320299	0.0
ASV209	-0.06877714888839315	-0.044679369746669494	0.0
ASV210	-0.011670054288642389	-0.11238540016905305	0.0
ASV212	-0.015427151412143248	-0.005998093520586034	0.0
ASV213	-0.009228219093625457	-0.014563078780975763	0.0
ASV214	0.055918583555425685	-0.07658363432052796	0.0
ASV216	-0.00783254813159607	0.0006532224180688586	0.0
ASV217	0.0023577779035565483	0.007415014662400751	0.0
ASV219	-0.015526299933264208	-0.014265282943401179	0.0
ASV220	0.01409673845096602	-0.011423926661022767	0.0
ASV221	-0.015251574255895115	-0.008355867606653924	0.0
ASV222	-0.038480519816201215	-0.029897616136618274	0.0
ASV223	-0.07033990395234148	-0.03232751539238238	0.0
ASV224	-0.04233615525729608	-0.014824703274840485	0.0
ASV225	0.010074114728315032	-0.05194777324244333	0.0
ASV226	0.01633268534182135	-0.009016585561749148	0.0
ASV227	-0.029263674638890454	-0.03342038663246727	0.0
ASV228	0.036395474665174246	-0.06882893433446549	0.0
ASV229	0.000280878745901368	0.010536367779048698	0.0
ASV230	0.03371056266424283	-0.04788383957762841	0.0
ASV231	0.048817603177056544	-0.03696510165083139	0.0
ASV232	-0.013558812507035795	0.0013152610771731837	0.0
ASV233	-0.009070727600777165	-0.04548091157196748	0.0
ASV235	0.014213738835897851	0.017716841939305655	0.0
ASV236	-0.013554342494699115	-0.003358601327131249	0.0
ASV237	-0.02059021143948855	-0.0071996422219714066	0.0
ASV239	-0.04892342383058936	-0.03561268667618703	0.0
ASV240	0.006077942468867253	0.017101351476594317	0.0
ASV242	0.01046213995250764	-0.03190865379390525	0.0
ASV243	-0.023689507959403295	-0.009973201775594595	0.0
ASV244	-0.03562918042469206	-0.006935029651710176	0.0
ASV245	-0.007780687065851355	0.005686519265658893	0.0
ASV248	0.020179496788673933	-0.11620094173977187	0.0
ASV249	-0.00986780283189754	0.0005452863244305461	0.0
ASV250	-0.053937292059004126	-0.05432272979158437	0.0
ASV251	-0.060516425339180495	-0.02370932068604739	0.0
ASV252	0.0009498649019560739	-0.07246095524496105	0.0
ASV254	-0.01685148840366627	-0.0014185282924591514	0.0
ASV255	-0.023980515630815623	-0.0010381925519629455	0.0
ASV256	-0.004397424642951942	0.0032673290253901516	0.0
ASV258	0.0636158117082714	-0.07595656526624803	0.0
ASV259	-0.023776745489862285	-0.02335331126180838	0.0
ASV260	-0.03552837869381651	-0.08514691841112776	0.0
ASV261	-0.016510081705979285	-0.011755746606480055	0.0
ASV263	-0.0377247434710028	-0.03432968407603608	0.0
ASV265	-0.002516491633967664	0.006680747196896766	0.0
ASV266	-0.004938422787813789	0.006689347918831871	0.0
ASV268	-0.03639518309956899	-0.028508411498506747	0.0
ASV269	0.01310192223991752	-0.09630065107304675	0.0
ASV270	-0.04391785297786785	-0.024968076966848787	0.0
ASV271	-0.00417686823333829	0.008325484857455902	0.0
ASV272	-0.06095388569856285	-0.055756899276704144	0.0
ASV273	0.02370722296858028	-0.009070687771120396	0.0
ASV275	-0.02396898843831698	-0.01831991354244002	0.0
ASV278	-0.0509385420938612	-0.04229166119501232	0.0
ASV279	0.020034447828190353	-0.00985773816297956	0.0
ASV280	0.011401830768319165	-0.030208006963992964	0.0
ASV281	-0.06653052611085819	-0.032148649492811876	0.0
ASV282	0.005027199992937967	0.013993283552879791	0.0
ASV283	-0.0034898158553359955	0.005846447840306968	0.0
ASV284	0.004501384324524317	-0.024434291100967176	0.0
ASV286	-0.014421403138674023	-0.002689968680565848	0.0
ASV287	-0.02049940007235109	-0.009501007127342422	0.0
ASV289	-0.0032892047488375705	0.004782862328195845	0.0
ASV290	-0.003591254548157422	0.004771334425177968	0.0
ASV291	0.01816528210242458	-0.02110767715333174	0.0
ASV292	0.03503316851570275	-0.03565788033874083	0.0
ASV293	-0.008218610735897755	0.0033322742098435055	0.0
ASV294	-0.010408426379673166	-0.006299981431366661	0.0
ASV295	0.0643959884536803	-0.05023897739373933	0.0
ASV296	-0.051247293025858856	-0.022605820288682237	0.0
ASV297	-0.04360656429214594	-0.03793289036781428	0.0
ASV298	-0.09049308622894847	-0.04623303280903642	0.0
ASV300	-0.0045457315089845836	-0.08173330456347618	0.0
ASV303	-0.025227408905534984	-0.05214017185626216	0.0
ASV305	-0.039827471675085	-0.03500632389824349	0.0
ASV307	0.006879470851042413	-0.018044912496978472	0.0
ASV309	-0.01747879325922703	-0.0074149111835618235	0.0
ASV312	-0.06471773246532579	-0.08262570946762293	0.0
ASV314	-0.05174438357959382	-0.04694766146413656	0.0
ASV315	0.028552638190449148	-0.024808803699583833	0.0
ASV316	-0.01405121883975259	-0.004893450568042216	0.0
ASV317	-0.06862245020951833	-0.06006709791856705	0.0
ASV319	-0.028715350305254503	-0.02162363266056761	0.0
ASV321	-0.007396140142686394	-0.07724610363074645	0.0
ASV322	-0.07054878722077694	-0.04101824313275041	0.0
ASV326	-0.028899843350024428	-0.023126887419599725	0.0
ASV327	-0.019360994477896326	-0.011833460829597381	0.0
ASV329	-0.004835212859268628	0.003606878355804843	0.0
ASV330	0.0014710990373942177	-0.0004163930302492762	0.0
ASV331	0.002727291430174371	-0.013916918748200386	0.0
ASV332	-0.0525822538977434	-0.028657152532298256	0.0
ASV333	0.04449683813597273	-0.04100525549351466	0.0
ASV334	-0.07794255743025155	-0.048276999179023256	0.0
ASV335	-0.09034479516600621	-0.05646966675760677	0.0
ASV337	0.004841279649088315	-0.010877672501171177	0.0
ASV339	-0.033391528196500535	-0.017655222137402705	0.0
ASV340	0.027270124572318796	-0.0433967349275247	0.0
ASV342	-0.004817158513082988	0.003049120761891676	0.0
ASV344	-0.010251397736992173	-0.023459544694010175	0.0
ASV346	-0.04680320336928418	-0.02480208666092786	0.0
ASV349	-0.07131738246544374	-0.03955399725807505	0.0
ASV350	0.0035010208192330383	0.013274530577184059	0.0
ASV352	0.007604269909079574	-0.002607219559394867	0.0
ASV354	-0.026263027735045828	-0.012857355853519305	0.0
ASV355	0.008616188439141626	-0.04789606748531161	0.0
ASV356	-0.03217900812540054	-0.02395972231798543	0.0
ASV360	0.0033851164548204605	-0.0014552372745364262	0.0
ASV361	-0.04553801665644024	-0.03482832395554307	0.0
ASV365	-0.019114258602315522	-0.012856094211491831	0.0
ASV367	-0.017893699245030113	-0.016145908431293023	0.0
ASV373	-0.017403452600944273	-0.005521734843362331	0.0
ASV376	0.006621098381570997	-0.01685248380158125	0.0
ASV377	-0.019793800299497934	-0.0073975331961982195	0.0
ASV378	0.015547295325906683	-0.04310838909154405	0.0
ASV379	0.005105994268688725	0.00341310133803008	0.0
ASV381	-0.010410645075314058	-0.04406877541638295	0.0
ASV383	-0.028471126514334526	-0.010704990113005986	0.0
ASV390	-0.004436209324152271	-0.003925766006339128	0.0
ASV396	0.0014106858271640068	0.0077030425520101175	0.0
ASV397	-0.04610602487334304	-0.030952664622471475	0.0
ASV400	0.015250828515297488	-0.032940741835593444	0.0
ASV403	-0.020146756219596527	-0.019878052490566674	0.0
ASV406	-0.010293014642848312	0.0020663823502445997	0.0
ASV409	-0.015914713911504987	-0.003688089665890983	0.0
ASV410	-0.003474462112729341	-0.017252009252428074	0.0
ASV411	-0.049221488712424884	-0.029167910188233306	0.0
ASV413	0.040195084832689895	-0.06361691447164877	0.0
ASV420	-0.028335575399421938	-0.01103963131426726	0.0
ASV429	-0.12595508125916724	-0.06750033447897433	0.0
ASV434	-0.05937392188309127	-0.03270965660093894	0.0
ASV437	-0.018564180255971043	-0.008129197535849966	0.0
ASV440	0.001892936990929692	-0.03911045551612434	0.0
ASV445	-0.028289396900610924	-0.014314980326069468	0.0
ASV451	0.033003213239088294	-0.023720745140042025	0.0
ASV454	-0.01253956815117736	-0.029134038141158582	0.0
ASV459	0.028359960733480856	-0.05332316960079473	0.0
ASV461	-0.024175238451350625	-0.009417897399846198	0.0
ASV465	-0.035925741285864995	-0.026145561695403816	0.0
ASV466	-0.024478341216915316	-0.0250440409692211	0.0
ASV469	-0.035104986581082076	-0.023217945392390745	0.0
ASV478	-0.02347124579975874	-0.013886991574844658	0.0
ASV480	-0.03459748783581167	-0.034633074064956505	0.0
ASV492	-0.02995422381818932	-0.015022828082169832	0.0
ASV494	-0.037705486840060067	-0.0331146812152683	0.0
ASV513	-0.02522238727972976	-0.02336808792094208	0.0
ASV526	-0.001926638575157917	-0.020931442266597454	0.0
ASV558	-0.031267245205636486	-0.029368636418340026	0.0

Site	69	3
ZAM1_s1_YZA	-0.1302595671403407	-0.04623017448532336	0.0
ZAM1_s2_YZA	-0.11022775173687621	-0.1225243829850945	0.0
ZAM1_s3_YZA	-0.11172933747835377	-0.1358788277055581	0.0
ZAM1_s4_YZA	-0.14228444642134622	-0.13461289043433067	0.0
ZAM1_s5_YZA	-0.12786226730944025	0.02279495539878059	0.0
ZAM1_s6_YZA	-0.14888187108085937	-0.08805477859193922	0.0
ZAM1_s7_YZA	-0.11664818653192412	0.030375948237095406	0.0
ZAM1_s8_YZA	-0.11083386213487692	-0.06822218401621909	0.0
ZAM1_s9_YZA	-0.12296901838676416	-0.08195327263936512	0.0
ZAM1_s10_YZA	-0.1053255617615985	0.04141142285912022	0.0
ZAM1_s11_OZA	0.12489192253370288	0.03341741693321926	0.0
ZAM1_s12_OZA	0.1356354883978151	0.091812803449228	0.0
ZAM1_s13_OZA	0.16226775678470123	-0.023763269868582473	0.0
ZAM1_s14_OZA	0.16778214013548823	-0.3138579316006	0.0
ZAM1_s15_OZA	0.13127028119755793	0.12510465842763452	0.0
ZAM1_s17_OZA	0.1602686310220345	-0.1303859845912544	0.0
ZAM1_s18_OZA	0.09352201508358159	0.19931914425544142	0.0
ZAM1_s19_OZA	0.11748539290902668	0.0618543169220751	0.0
ZAM1_s20_YZS	-0.11794580220336212	0.0011651926552077249	0.0
ZAM1_s21_YZS	-0.11034690475362423	-0.04668675207685432	0.0
ZAM1_s22_YZS	-0.12260584561631242	0.1742774058304972	0.0
ZAM1_s23_YZS	-0.1221482224686468	0.04719984207434883	0.0
ZAM1_s24_YZS	-0.15602298952285104	-0.05652935606570551	0.0
ZAM1_s25_YZS	-0.13619318315674975	-0.02916081726348465	0.0
ZAM1_s26_YZS	-0.11254849682831711	-0.08376651750554766	0.0
ZAM1_s27_YZS	-0.10359851902950505	0.010215742965949032	0.0
ZAM1_s28_YZS	-0.12610803391946196	-0.042857033912321305	0.0
ZAM1_s29_YZS	-0.12672776368158253	0.03314424587608259	0.0
ZAM1_s30_OZS	0.09212421780069123	0.14998176219144163	0.0
ZAM1_s31_OZS	0.15367129880361957	-0.07229766030413852	0.0
ZAM1_s32_OZS	0.1310196600637253	0.0638192117454716	0.0
ZAM1_s33_OZS	0.10180275345797263	-0.04696119220712386	0.0
ZAM1_s34_OZS	0.0939216324896518	0.15030001290431672	0.0
ZAM1_s36_OZS	0.1379544594246829	-0.01933167878590837	0.0
ZAM1_s37_OZS	0.15279031662124268	0.016498692269058902	0.0
ZAM1_s38_OZS	0.15527495560057727	-0.33462241299868495	0.0
ZAM1_s39_YZA	-0.12425413677930344	-0.020790855350880336	0.0
ZAM1_s40_YZA	-0.007470979032867219	0.19285303500129392	0.0
ZAM1_s41_YZA	-0.10070711838388152	0.02519061700357661	0.0
ZAM1_s43_YZA	-0.10500177948608443	0.07683543545397786	0.0
ZAM1_s44_YZA	-0.10109111520100189	0.10798550083111969	0.0
ZAM1_s45_YZA	-0.06941750985253098	-0.01848307069421875	0.0
ZAM1_s46_YZA	-0.07362422439910002	0.021738403420307622	0.0
ZAM1_s47_YZA	-0.08711409710685117	-0.020805050152412238	0.0
ZAM1_s48_YZA	-0.0208789895910406	0.253959896815689	0.0
ZAM1_s49_OZA	0.12389340152626921	0.11854212316268851	0.0
ZAM1_s50_OZA	0.15679568545844405	-0.16279838240868386	0.0
ZAM1_s51_OZA	0.15847357191576847	-0.12655057467372702	0.0
ZAM1_s52_OZA	0.14756827428967179	0.1064846564740229	0.0
ZAM1_s53_OZA	0.13798058574679242	0.1638559661477114	0.0
ZAM1_s54_OZA	0.10359270684550627	-0.20894096061043907	0.0
ZAM1_s55_OZA	0.07346842342550038	0.09458598723890799	0.0
ZAM1_s56_OZA	0.10782336224873135	0.14053035521045487	0.0
ZAM1_s58_YZS	-0.1160945773647647	-0.10078700432341198	0.0
ZAM1_s59_YZS	-0.12254994478457631	-0.1710700168316055	0.0
ZAM1_s60_YZS	-0.12694370151675038	0.12036260400433355	0.0
ZAM1_s61_YZS	-0.13115297693613343	0.022779863274881983	0.0
ZAM1_s62_YZS	-0.0736286582528981	-0.15929888678275594	0.0
ZAM1_s63_YZS	-0.11141898525917046	-0.004156134844923367	0.0
ZAM1_s65_YZS	-0.08772300220664009	0.08503990902280686	0.0
ZAM1_s66_YZS	-0.10359124502989922	0.10086013280899006	0.0
ZAM1_s67_OZS	0.07060135555741925	0.06868194811758516	0.0
ZAM1_s69_OZS	0.13980641488082932	0.11873983493132909	0.0
ZAM1_s70_OZS	0.08251075125420337	0.09092973240151532	0.0
ZAM1_s71_OZS	0.11986782130397498	0.05656324647984485	0.0
ZAM1_s72_OZS	0.09929722894311195	-0.03600252911058984	0.0
ZAM1_s73_OZS	0.13998142074937403	-0.0780983483107265	0.0
ZAM1_s74_OZS	0.10339510559185318	0.07044562426018494	0.0
ZAM1_s75_OZS	0.147191640282765	-0.3041787149237776	0.0

Biplot	0	0

Site constraints	0	0
